ISLAND	0	44.3387	-69.4828	44.3510	-69.4651	23	0.000060	1252	44.8442	-68.9750	48
ISLAND	-1	44.4089	-69.4732	44.4478	-69.4441	23	0.000146	1252	44.9208	-68.9606	48
ISLAND	-2	44.6467	-69.4647	44.7694	-69.3434	23	0.000188	1252	45.2148	-68.9084	48
ISLAND	-3	44.2556	-69.1425	44.2925	-69.1014	23	0.000292	1252	44.7720	-68.6185	48
ISLAND	-4	44.2027	-69.0390	44.7026	-68.7924	23	0.033936	1252	44.8482	-68.4142	48
ISLAND	-5	44.2561	-69.1116	44.2678	-69.0973	23	0.000073	1252	44.7608	-68.6041	48
ISLAND	-6	44.4382	-69.4207	44.4404	-69.4183	23	0.000003	1252	44.9394	-68.9196	48
HYDRO	-7	44.4219	-69.4603	44.4304	-69.4510	23	0.000014	1251	44.9246	-68.9564	48
HYDRO	-8	44.4211	-69.4598	44.4216	-69.4588	23	0.000000	1251	44.9213	-68.9593	48
HYDRO	-9	44.4196	-69.4630	44.4219	-69.4609	23	0.000002	1251	44.9204	-68.9615	48
HYDRO	-10	44.4172	-69.4659	44.4181	-69.4649	23	0.000001	1251	44.9176	-68.9654	48
HYDRO	-11	44.4156	-69.4648	44.4184	-69.4625	23	0.000002	1251	44.9168	-68.9639	48
HYDRO	-12	44.4149	-69.4687	44.4161	-69.4663	23	0.000002	1251	44.9156	-68.9677	48
HYDRO	-13	44.4141	-69.4654	44.4151	-69.4641	23	0.000001	1251	44.9146	-68.9647	48
HYDRO	-14	44.4124	-69.4688	44.4132	-69.4681	23	0.000000	1251	44.9128	-68.9685	48
ISLAND	-15	44.4116	-69.3882	44.4153	-69.3835	23	0.000011	1252	44.9133	-68.8858	48
HYDRO	-16	44.4111	-69.4712	44.4118	-69.4703	23	0.000000	1251	44.9115	-68.9707	48
ISLAND	-17	44.4055	-69.4238	44.4074	-69.4179	23	0.000006	1252	44.9066	-68.9201	48
ISLAND	-18	44.4327	-69.2823	44.4420	-69.2752	23	0.000012	1252	44.9387	-68.7787	48
ISLAND	-19	44.4302	-69.3617	44.4414	-69.3578	23	0.000018	1252	44.9332	-68.8590	48
HYDRO	-20	44.3957	-69.3374	44.3985	-69.3356	23	0.000003	1251	44.8972	-68.8364	48
HYDRO	-21	44.3935	-69.3273	44.3944	-69.3263	23	0.000001	1251	44.8939	-68.8267	48
ISLAND	-22	44.3910	-69.2943	44.3988	-69.2889	23	0.000012	1252	44.8939	-68.7917	48
HYDRO	-23	44.3860	-69.3321	44.4048	-69.3254	23	0.000014	1251	44.8892	-68.8298	48
ISLAND	-24	44.3764	-69.3098	44.4201	-69.2676	23	0.000070	1252	44.8862	-68.7811	48
HYDRO	-25	44.3849	-69.3399	44.3894	-69.3367	23	0.000008	1251	44.8867	-68.8384	48
HYDRO	-26	44.3795	-69.3332	44.3811	-69.3320	23	0.000001	1251	44.8803	-68.8325	48
HYDRO	-27	44.3788	-69.3308	44.3811	-69.3289	23	0.000002	1251	44.8799	-68.8298	48
HYDRO	-28	44.3756	-69.2966	44.3764	-69.2961	23	0.000000	1251	44.8760	-68.7964	48
HYDRO	-29	44.3755	-69.3452	44.3803	-69.3425	23	0.000006	1251	44.8775	-68.8439	48
HYDRO	-30	44.3754	-69.2960	44.3783	-69.2928	23	0.000003	1251	44.8763	-68.7942	48
ISLAND	-31	44.3590	-69.3226	44.3845	-69.2917	23	0.000201	1252	44.8706	-68.8010	48
ISLAND	-32	44.3742	-69.3599	44.4030	-69.3120	23	0.000537	1252	44.8875	-68.8359	48
ISLAND	-33	44.4734	-69.3233	44.4775	-69.3178	23	0.000004	1252	44.9757	-68.8206	48
ISLAND	-34	44.4770	-69.1569	44.5028	-69.1247	23	0.000061	1252	44.9820	-68.6465	48
ISLAND	-35	44.4678	-69.1718	44.4843	-69.1635	23	0.000023	1252	44.9719	-68.6653	48
ISLAND	-36	44.4465	-69.2176	44.4488	-69.2134	23	0.000005	1252	44.9478	-68.7154	48
ISLAND	-37	44.4325	-69.1602	44.4432	-69.1471	23	0.000037	1252	44.9384	-68.6540	48
ISLAND	-38	44.4076	-69.2300	44.4137	-69.2204	23	0.000025	1252	44.9097	-68.7260	48
ISLAND	-39	44.3706	-69.1929	44.4072	-69.1565	23	0.000316	1252	44.8922	-68.6806	48
ISLAND	-40	44.4737	-69.0328	44.4826	-69.0121	23	0.000026	1252	44.9769	-68.5257	48
HYDRO	-41	44.4590	-69.0038	44.4606	-69.0017	23	0.000002	1251	44.9599	-68.5027	48
ISLAND	-42	44.4573	-69.0065	44.4818	-68.9905	23	0.000056	1252	44.9662	-68.4981	48
ISLAND	-43	44.4493	-69.0453	44.4508	-69.0353	23	0.000006	1252	44.9501	-68.5405	48
ISLAND	-44	44.4471	-69.0139	44.4578	-69.0015	23	0.000017	1252	44.9525	-68.5074	48
ISLAND	-45	44.3978	-69.0241	44.4009	-69.0041	23	0.000021	1252	44.8999	-68.5111	48
ISLAND	-46	44.3375	-69.4457	44.3777	-69.4072	23	0.000548	1252	44.8617	-68.9303	48
HYDRO	-47	44.3473	-69.4713	44.3478	-69.4705	23	0.000000	1251	44.8476	-68.9709	48
HYDRO	-48	44.3421	-69.4754	44.3508	-69.4687	23	0.000009	1251	44.8445	-68.9739	48
HYDRO	-49	44.3415	-69.4816	44.3440	-69.4788	23	0.000002	1251	44.8427	-68.9802	48
ISLAND	-50	44.3355	-69.4292	44.3381	-69.4257	23	0.000006	1252	44.8368	-68.9275	48
HYDRO	-51	44.3709	-69.3045	44.3774	-69.2892	23	0.000030	1251	44.8743	-68.8000	48
HYDRO	-52	44.3722	-69.2964	44.3739	-69.2952	23	0.000001	1251	44.8729	-68.7958	48
HYDRO	-53	44.3705	-69.2962	44.3716	-69.2954	23	0.000001	1251	44.8710	-68.7958	48
HYDRO	-54	44.3693	-69.2987	44.3704	-69.2975	23	0.000001	1251	44.8698	-68.7980	48
HYDRO	-55	44.3660	-69.3004	44.3690	-69.2974	23	0.000003	1251	44.8669	-68.7987	48
HYDRO	-56	44.3653	-69.3016	44.3658	-69.3007	23	0.000000	1251	44.8655	-68.8012	48
HYDRO	-57	44.3648	-69.2990	44.3668	-69.2975	23	0.000002	1251	44.8656	-68.7982	48
HYDRO	-58	44.3646	-69.2998	44.3653	-69.2990	23	0.000000	1251	44.8649	-68.7994	48
HYDRO	-59	44.3641	-69.3014	44.3650	-69.3008	23	0.000000	1251	44.8645	-68.8011	48
HYDRO	-60	44.3633	-69.3008	44.3641	-69.2999	23	0.000001	1251	44.8637	-68.8003	48
ISLAND	-61	44.3659	-69.1935	44.3680	-69.1887	23	0.000006	1252	44.8662	-68.6900	48
HYDRO	-62	44.3495	-69.1526	44.3508	-69.1513	23	0.000001	1251	44.8501	-68.6521	48
ISLAND	-63	44.3470	-69.1544	44.3550	-69.1461	23	0.000040	1252	44.8506	-68.6504	48
ISLAND	-64	44.3219	-69.1350	44.3255	-69.1285	23	0.000013	1252	44.8237	-68.6320	48
ISLAND	-65	44.2903	-69.1473	44.3003	-69.1398	23	0.000028	1252	44.7934	-68.6435	48
HYDRO	-66	44.2646	-69.1311	44.2678	-69.1283	23	0.000002	1251	44.7657	-68.6294	48
ISLAND	-67	44.3604	-69.1252	44.3755	-69.1026	23	0.000163	1252	44.8676	-68.6124	48
ISLAND	-68	44.3209	-69.0536	44.3466	-69.0158	23	0.000168	1252	44.8332	-68.5348	48
ISLAND	-69	44.2995	-69.0081	44.3221	-68.9784	23	0.000043	1252	44.8180	-68.5017	48
ISLAND	-70	44.2963	-69.0857	44.3150	-69.0560	23	0.000104	1252	44.8006	-68.5703	48
ISLAND	-71	44.2905	-69.1009	44.2924	-69.0964	23	0.000003	1252	44.7915	-68.5992	48
HYDRO	-72	44.2672	-69.1241	44.2680	-69.1226	23	0.000001	1251	44.7676	-68.6234	48
ISLAND	-73	44.6951	-69.2828	44.7411	-69.2570	23	0.000141	1252	45.2078	-68.7705	48
ISLAND	-74	44.6188	-69.3522	44.6794	-69.3104	23	0.001178	1252	45.1461	-68.8300	48
ISLAND	-75	44.6766	-69.3123	44.6777	-69.3098	23	0.000002	1252	45.1771	-68.8111	48
ISLAND	-76	44.6832	-69.1942	44.6836	-69.1938	23	0.000000	1252	45.1833	-68.6940	48
ISLAND	-77	44.6361	-69.1400	44.6425	-69.1336	23	0.000020	1252	45.1400	-68.6370	48
ISLAND	-78	44.5036	-69.3167	44.5295	-69.2896	23	0.000197	1252	45.0160	-68.8061	48
ISLAND	-79	44.6034	-69.1512	44.6058	-69.1487	23	0.000003	1252	45.1045	-68.6500	48
ISLAND	-80	44.4940	-69.1396	44.5167	-69.1267	23	0.000054	1252	45.0111	-68.6313	48
ISLAND	-81	44.5001	-69.1817	44.5012	-69.1798	23	0.000001	1252	45.0006	-68.6808	48
ISLAND	-82	44.5308	-69.1773	44.5352	-69.1586	23	0.000022	1252	45.0329	-68.6682	48
ISLAND	-83	44.5378	-69.0541	44.5384	-69.0529	23	0.000000	1252	45.0381	-68.5536	48
ISLAND	-84	44.5340	-69.0601	44.5416	-69.0541	23	0.000019	1252	45.0379	-68.5579	48
ISLAND	-85	44.5368	-69.0525	44.5375	-69.0513	23	0.000000	1252	45.0371	-68.5518	48
HYDRO	-86	44.2310	-68.9435	44.3932	-68.8564	23	0.003536	1251	44.8238	-68.4015	48
ISLAND	-87	44.4312	-68.9947	44.4323	-68.9930	23	0.000001	1252	44.9317	-68.4939	48
ISLAND	-88	44.4576	-68.9310	44.4608	-68.9285	23	0.000003	1252	44.9592	-68.4296	48
ISLAND	-89	44.4794	-68.9676	44.4895	-68.9621	23	0.000021	1252	44.9825	-68.4638	48
ISLAND	-90	44.4888	-68.9702	44.4958	-68.9599	23	0.000018	1252	44.9923	-68.4675	48
HYDRO	-91	44.4601	-68.8105	44.4614	-68.8096	23	0.000001	1251	44.9608	-68.3101	48
HYDRO	-92	44.3337	-68.9248	44.3399	-68.9237	23	0.000004	1251	44.8355	-68.4242	48
HYDRO	-93	44.3251	-68.9302	44.3338	-68.9282	23	0.000011	1251	44.8277	-68.4274	48
HYDRO	-94	44.3158	-68.9333	44.3205	-68.9297	23	0.000005	1251	44.8170	-68.4326	48
HYDRO	-95	44.2683	-68.9455	44.2895	-68.9370	23	0.000030	1251	44.7721	-68.4369	48
HYDRO	-96	44.2646	-68.9282	44.2658	-68.9269	23	0.000001	1251	44.7652	-68.4276	48
HYDRO	-97	44.2554	-68.9216	44.2561	-68.9208	23	0.000000	1251	44.7557	-68.4212	48
HYDRO	-98	44.2388	-68.9745	44.2726	-68.9359	23	0.000391	1251	44.7569	-68.4527	48
HYDRO	-99	44.2557	-68.9508	44.2779	-68.9380	23	0.000059	1251	44.7716	-68.4449	48
HYDRO	-100	44.3550	-68.8610	44.3555	-68.8601	23	0.000000	1251	44.8553	-68.3605	48
HYDRO	-101	44.2479	-68.9257	44.2486	-68.9247	23	0.000001	1251	44.7482	-68.4252	48
HYDRO	-102	44.2435	-68.9365	44.2544	-68.9246	23	0.000012	1251	44.7455	-68.4351	48
HYDRO	-103	44.2298	-68.9644	44.2338	-68.9620	23	0.000004	1251	44.7313	-68.4631	48
HYDRO	-104	44.2107	-68.9523	44.2117	-68.9515	23	0.000001	1251	44.7112	-68.4519	48
HYDRO	-105	44.2041	-68.9560	44.2116	-68.9491	23	0.000013	1251	44.7060	-68.4549	48
HYDRO	-106	44.2139	-68.9471	44.2591	-68.9284	23	0.000102	1251	44.7286	-68.4434	48
ISLAND	-107	44.6237	-68.8806	44.6372	-68.8745	23	0.000011	1252	45.1312	-68.3766	48
ISLAND	-108	44.6172	-68.9664	44.6293	-68.9584	23	0.000014	1252	45.1195	-68.4629	48
ISLAND	-109	44.5500	-68.9431	44.5644	-68.9300	23	0.000073	1252	45.0571	-68.4378	48
ISLAND	-110	44.5042	-69.0104	44.5681	-68.9657	23	0.000627	1252	45.0493	-68.4863	48
ISLAND	-111	44.5022	-68.9980	44.5046	-68.9951	23	0.000005	1252	45.0034	-68.4965	48
ISLAND	-112	44.6606	-69.0657	44.6650	-69.0534	23	0.000017	1252	45.1627	-68.5615	48
ISLAND	-113	44.6456	-69.0328	44.6483	-69.0290	23	0.000006	1252	45.1470	-68.5309	48
ISLAND	-114	44.3629	-69.3344	44.3747	-69.3229	23	0.000027	1252	44.8689	-68.8283	48
HYDRO	-115	44.2322	-68.9609	44.2344	-68.9584	23	0.000003	1251	44.7333	-68.4596	48
ISLAND	-116	44.4859	-69.1398	44.5201	-69.1241	23	0.000046	1252	44.9952	-68.6334	48
ISLAND	-117	44.3527	-69.3855	44.3580	-69.3785	23	0.000013	1252	44.8554	-68.8811	48
HYDRO	-118	44.2631	-69.1246	44.2665	-69.1194	23	0.000003	1251	44.7655	-68.6227	48
HYDRO	-119	44.2626	-69.1245	44.2712	-69.1173	23	0.000010	1251	44.7694	-68.6234	48
